=== 병합 정렬 ===
[5, 2, 9, 1, 5, 6] -> [1, 2, 5, 5, 6, 9]
[38, 27, 43, 3, 9, 82, 10] -> [3, 9, 10, 27, 38, 43, 82]
[1, 2, 3, 4, 5] -> [1, 2, 3, 4, 5]
[5, 4, 3, 2, 1] -> [1, 2, 3, 4, 5]
[3, 3, 3, 3] -> [3, 3, 3, 3]
[42] -> [42]
[] -> []

=== 퀵 정렬 ===
[5, 2, 9, 1, 5, 6] -> [1, 2, 5, 5, 6, 9]
[38, 27, 43, 3, 9, 82, 10] -> [3, 9, 10, 27, 38, 43, 82]
[1, 2, 3, 4, 5] -> [1, 2, 3, 4, 5]
[5, 4, 3, 2, 1] -> [1, 2, 3, 4, 5]
[3, 3, 3, 3] -> [3, 3, 3, 3]
[42] -> [42]
[] -> []

=== 정렬 결과 검증 ===
[5, 2, 9, 1, 5, 6]: True
[38, 27, 43, 3, 9, 82, 10]: True
[1, 2, 3, 4, 5]: True
[5, 4, 3, 2, 1]: True
[3, 3, 3, 3]: True
[42]: True
[]: True

=== 최대 연속 부분합 (분할 정복) ===
[-2, 1, -3, 4, -1, 2, 1, -5, 4] -> 6
[1, 2, 3, 4] -> 10
[-5, -2, -9] -> -2
[7] -> 7
[] -> 0
