=== 배열 회전 ===
[1, 2, 3, 4, 5] k=0 -> [1, 2, 3, 4, 5]
[1, 2, 3, 4, 5] k=1 -> [5, 1, 2, 3, 4]
[1, 2, 3, 4, 5] k=2 -> [4, 5, 1, 2, 3]
[1, 2, 3, 4, 5] k=5 -> [1, 2, 3, 4, 5]
[1, 2, 3, 4, 5] k=7 -> [4, 5, 1, 2, 3]
원본 유지 확인: [1, 2, 3, 4, 5]
[] k=3 -> []

=== 최대 연속 부분합 (카데인) ===
[-2, 1, -3, 4, -1, 2, 1, -5, 4] -> 6
[1, 2, 3, 4] -> 10
[-5, -2, -9] -> -2
[7] -> 7
[] -> 0

=== 정렬된 두 리스트 병합 ===
[1, 3, 5] + [2, 4, 6] -> [1, 2, 3, 4, 5, 6]
[1, 2, 3] + [] -> [1, 2, 3]
[] + [] -> []
[1, 1, 2] + [1, 3] -> [1, 1, 1, 2, 3]
